[
{"coordinates": [[-1, 3, 2], [-1, 2, 2], [-1, 2, 1], [-1, 2, 0], [-1, 3, 0], [-1, 3, 1], [0, 3, 1], [0, 2, 1], [0, 1, 1], [-1, 1, 1], [-1, 1, 0], [0, 1, 0], [1, 1, 0], [1, 1, -1], [1, 0, -1], [1, 0, 0], [0, 0, 0], [0, -1, 0], [1, -1, 0], [1, -1, -1], [1, -1, -2], [0, -1, -2], [0, 0, -2], [1, 0, -2], [1, 1, -2], [0, 1, -2], [-1, 1, -2]], "stick_together": [[0, 1], [2, 3], [3, 4], [14, 15], [21, 22], [23, 24]]},
{"coordinates": [[0, -2, 0], [0, -1, 0], [0, 0, 0], [0, 0, -1], [0, 0, -2], [0, -1, -2], [0, -1, -1], [0, -2, -1], [0, -2, -2], [-1, -2, -2], [-1, -1, -2], [-1, 0, -2], [-1, 0, -1], [-2, 0, -1], [-2, -1, -1], [-2, -1, 0], [-2, 0, 0], [-1, 0, 0], [-1, -1, 0], [-1, -1, -1], [-1, -2, -1], [-1, -2, 0], [-2, -2, 0], [-2, -3, 0], [-2, -4, 0], [-2, -4, -1], [-2, -4, -2]], "stick_together": [[1, 2], [3, 4], [5, 6], [7, 8], [9, 10], [13, 14], [14, 15], [16, 17], [17, 18], [18, 19]]},
{"coordinates": [[1, 2, 0], [1, 1, 0], [0, 1, 0], [0, 0, 0], [-1, 0, 0], [-1, 1, 0], [-1, 2, 0], [0, 2, 0], [0, 2, 1], [-1, 2, 1], [-2, 2, 1], [-2, 2, 0], [-2, 1, 0], [-2, 1, 1], [-1, 1, 1], [0, 1, 1], [0, 0, 1], [-1, 0, 1], [-2, 0, 1], [-2, 0, 0], [-2, 0, -1], [-2, 1, -1], [-2, 2, -1], [-1, 2, -1], [-1, 1, -1], [-1, 0, -1], [0, 0, -1]], "stick_together": [[0, 1], [1, 2], [7, 8], [10, 11], [14, 15], [15, 16], [19, 20], [20, 21], [23, 24]]},
{"coordinates": [[1, 1, 1], [1, 1, 0], [1, 0, 0], [0, 0, 0], [0, 0, 1], [0, 1, 1], [0, 1, 2], [-1, 1, 2], [-1, 0, 2], [0, 0, 2], [0, -1, 2], [0, -1, 1], [0, -1, 0], [-1, -1, 0], [-2, -1, 0], [-2, -1, 1], [-1, -1, 1], [-1, -1, 2], [-2, -1, 2], [-2, 0, 2], [-2, 0, 1], [-1, 0, 1], [-1, 0, 0], [-2, 0, 0], [-2, 1, 0], [-2, 1, 1], [-2, 1, 2]], "stick_together": [[0, 1], [1, 2], [2, 3], [5, 6], [6, 7], [9, 10], [10, 11], [11, 12], [17, 18], [20, 21], [25, 26]]},
{"coordinates": [[1, 1, -2], [2, 1, -2], [2, 0, -2], [1, 0, -2], [0, 0, -2], [0, 1, -2], [0, 1, -1], [1, 1, -1], [2, 1, -1], [2, 0, -1], [2, 0, 0], [1, 0, 0], [1, 1, 0], [2, 1, 0], [2, 2, 0], [2, 2, -1], [2, 2, -2], [1, 2, -2], [0, 2, -2], [0, 2, -1], [1, 2, -1], [1, 2, 0], [0, 2, 0], [0, 1, 0], [0, 0, 0], [0, 0, -1], [-1, 0, -1]], "stick_together": [[5, 6], [8, 9], [13, 14], [20, 21]]},
{"coordinates": [[0, 0, -1], [0, 0, 0], [-1, 0, 0], [-1, 0, -1], [-2, 0, -1], [-2, -1, -1], [-2, -1, 0], [-2, 0, 0], [-2, 0, 1], [-2, -1, 1], [-2, -2, 1], [-1, -2, 1], [-1, -2, 0], [-2, -2, 0], [-2, -2, -1], [-1, -2, -1], [-1, -1, -1], [0, -1, -1], [0, -2, -1], [0, -2, 0], [0, -2, 1], [0, -1, 1], [-1, -1, 1], [-1, -1, 2], [0, -1, 2], [0, 0, 2], [0, 0, 1]], "stick_together": [[1, 2], [4, 5], [9, 10], [11, 12], [13, 14], [15, 16], [17, 18], [18, 19]]},
{"coordinates": [[2, -1, -2], [1, -1, -2], [1, 0, -2], [2, 0, -2], [2, 0, -1], [2, 0, 0], [2, -1, 0], [2, -1, -1], [1, -1, -1], [0, -1, -1], [0, -1, 0], [1, -1, 0], [1, 0, 0], [1, 0, -1], [0, 0, -1], [0, 0, 0], [0, 1, 0], [-1, 1, 0], [-1, 1, -1], [0, 1, -1], [0, 1, -2], [-1, 1, -2], [-2, 1, -2], [-2, 1, -1], [-2, 1, 0], [-3, 1, 0], [-4, 1, 0]], "stick_together": [[2, 3], [7, 8], [8, 9], [11, 12], [17, 18], [23, 24], [24, 25]]},
{"coordinates": [[-1, -2, 0], [-1, -2, 1], [-2, -2, 1], [-2, -1, 1], [-2, -1, 0], [-2, -2, 0], [-2, -2, -1], [-1, -2, -1], [0, -2, -1], [0, -1, -1], [0, -1, 0], [0, -2, 0], [0, -2, 1], [0, -1, 1], [0, 0, 1], [-1, 0, 1], [-2, 0, 1], [-2, 0, 0], [-1, 0, 0], [0, 0, 0], [0, 0, -1], [0, 1, -1], [0, 2, -1], [-1, 2, -1], [-1, 1, -1], [-1, 1, 0], [-1, 1, 1]], "stick_together": [[6, 7], [8, 9], [10, 11], [11, 12], [12, 13], [13, 14], [14, 15], [15, 16], [16, 17], [17, 18], [23, 24]]},
{"coordinates": [[1, 0, 2], [0, 0, 2], [-1, 0, 2], [-1, 0, 1], [-1, 0, 0], [-1, -1, 0], [-1, -1, 1], [0, -1, 1], [0, -1, 2], [-1, -1, 2], [-1, -2, 2], [0, -2, 2], [0, -2, 1], [-1, -2, 1], [-1, -2, 0], [0, -2, 0], [1, -2, 0], [1, -2, 1], [1, -2, 2], [1, -1, 2], [1, -1, 1], [1, -1, 0], [0, -1, 0], [0, 0, 0], [1, 0, 0], [1, 1, 0], [0, 1, 0]], "stick_together": [[3, 4], [5, 6], [9, 10], [10, 11], [15, 16], [16, 17]]},
{"coordinates": [[-2, -2, -2], [-2, -2, -1], [-1, -2, -1], [0, -2, -1], [0, -2, -2], [-1, -2, -2], [-1, -1, -2], [-1, -1, -1], [0, -1, -1], [0, -1, -2], [0, 0, -2], [-1, 0, -2], [-2, 0, -2], [-2, -1, -2], [-2, -1, -1], [-2, -1, 0], [-1, -1, 0], [-1, 0, 0], [-2, 0, 0], [-2, 0, -1], [-1, 0, -1], [0, 0, -1], [0, 0, 0], [1, 0, 0], [2, 0, 0], [2, -1, 0], [2, -2, 0]], "stick_together": [[5, 6], [15, 16], [16, 17], [23, 24]]},
{"coordinates": [[2, 2, 0], [2, 2, 1], [2, 2, 2], [1, 2, 2], [0, 2, 2], [0, 2, 1], [0, 2, 0], [0, 1, 0], [0, 0, 0], [1, 0, 0], [2, 0, 0], [2, 0, 1], [1, 0, 1], [1, 0, 2], [1, -1, 2], [1, -1, 1], [2, -1, 1], [2, -1, 0], [1, -1, 0], [1, -2, 0], [2, -2, 0], [2, -2, 1], [1, -2, 1], [0, -2, 1], [0, -1, 1], [0, -1, 0], [0, -2, 0]], "stick_together": [[0, 1], [3, 4], [4, 5], [7, 8], [8, 9], [10, 11], [15, 16], [19, 20], [20, 21], [21, 22]]},
{"coordinates": [[2, 2, -2], [2, 2, -1], [2, 1, -1], [1, 1, -1], [1, 0, -1], [2, 0, -1], [2, 0, 0], [1, 0, 0], [0, 0, 0], [0, 0, 1], [0, 0, 2], [1, 0, 2], [2, 0, 2], [2, -1, 2], [1, -1, 2], [0, -1, 2], [0, -1, 3], [1, -1, 3], [1, -2, 3], [0, -2, 3], [0, -3, 3], [1, -3, 3], [2, -3, 3], [2, -3, 2], [1, -3, 2], [0, -3, 2], [0, -2, 2]], "stick_together": [[1, 2], [5, 6], [8, 9], [10, 11], [12, 13], [17, 18], [20, 21], [21, 22], [24, 25]]},
{"coordinates": [[1, -1, 2], [1, 0, 2], [1, 0, 3], [1, -1, 3], [1, -2, 3], [1, -2, 2], [1, -2, 1], [1, -1, 1], [0, -1, 1], [0, 0, 1], [0, 0, 0], [-1, 0, 0], [-1, 0, -1], [-1, -1, -1], [-1, -1, 0], [0, -1, 0], [0, -1, -1], [0, -1, -2], [-1, -1, -2], [-1, 0, -2], [0, 0, -2], [0, 1, -2], [-1, 1, -2], [-1, 1, -1], [-1, 1, 0], [0, 1, 0], [1, 1, 0]], "stick_together": [[0, 1], [1, 2], [2, 3], [6, 7], [12, 13], [14, 15], [17, 18], [23, 24], [24, 25]]},
{"coordinates": [[-1, 0, 3], [-1, 0, 4], [0, 0, 4], [0, 1, 4], [0, 1, 3], [0, 0, 3], [0, 0, 2], [-1, 0, 2], [-2, 0, 2], [-2, 0, 1], [-1, 0, 1], [0, 0, 1], [0, 0, 0], [0, 1, 0], [0, 1, -1], [0, 0, -1], [0, 0, -2], [0, 1, -2], [0, 2, -2], [-1, 2, -2], [-2, 2, -2], [-2, 1, -2], [-1, 1, -2], [-1, 1, -1], [-1, 2, -1], [0, 2, -1], [0, 2, 0]], "stick_together": [[0, 1], [3, 4], [5, 6], [7, 8], [8, 9], [14, 15], [15, 16], [17, 18], [18, 19], [19, 20], [24, 25]]},
{"coordinates": [[-1, 0, 0], [-1, 1, 0], [-1, 1, 1], [-1, 1, 2], [-1, 0, 2], [-1, 0, 1], [0, 0, 1], [0, 1, 1], [0, 2, 1], [-1, 2, 1], [-1, 2, 2], [0, 2, 2], [1, 2, 2], [1, 2, 1], [1, 1, 1], [1, 1, 2], [0, 1, 2], [0, 0, 2], [1, 0, 2], [1, 0, 1], [1, 0, 0], [0, 0, 0], [0, -1, 0], [1, -1, 0], [1, -2, 0], [0, -2, 0], [-1, -2, 0]], "stick_together": [[2, 3], [4, 5], [7, 8], [9, 10], [15, 16], [25, 26]]},
{"coordinates": [[-1, 0, 1], [-1, -1, 1], [-1, -1, 0], [-1, -1, -1], [-1, 0, -1], [-1, 0, 0], [0, 0, 0], [0, 1, 0], [0, 2, 0], [-1, 2, 0], [-1, 2, 1], [0, 2, 1], [1, 2, 1], [1, 2, 0], [1, 1, 0], [1, 1, 1], [0, 1, 1], [0, 0, 1], [1, 0, 1], [1, 0, 0], [1, 0, -1], [0, 0, -1], [0, 1, -1], [1, 1, -1], [1, 2, -1], [0, 2, -1], [-1, 2, -1]], "stick_together": [[2, 3], [3, 4], [8, 9], [11, 12], [16, 17], [17, 18], [18, 19]]},
{"coordinates": [[0, -2, 0], [0, -1, 0], [0, 0, 0], [0, 0, -1], [0, 0, -2], [0, -1, -2], [0, -1, -1], [0, -2, -1], [0, -2, -2], [-1, -2, -2], [-1, -1, -2], [-1, 0, -2], [-1, 0, -1], [-2, 0, -1], [-2, -1, -1], [-2, -1, 0], [-2, 0, 0], [-1, 0, 0], [-1, -1, 0], [-1, -1, -1], [-1, -2, -1], [-1, -2, 0], [-2, -2, 0], [-2, -2, -1], [-2, -2, -2], [-2, -3, -2], [-2, -4, -2]], "stick_together": [[1, 2], [2, 3], [11, 12], [17, 18], [19, 20], [22, 23]]},
{"coordinates": [[2, 2, -2], [2, 1, -2], [2, 1, -1], [2, 0, -1], [1, 0, -1], [1, 1, -1], [1, 2, -1], [2, 2, -1], [2, 2, 0], [1, 2, 0], [0, 2, 0], [0, 2, -1], [0, 1, -1], [0, 1, 0], [1, 1, 0], [2, 1, 0], [2, 0, 0], [1, 0, 0], [0, 0, 0], [0, 0, -1], [0, 0, -2], [0, -1, -2], [0, -2, -2], [0, -2, -3], [0, -1, -3], [0, 0, -3], [0, 0, -4]], "stick_together": [[0, 1], [2, 3], [3, 4], [7, 8], [8, 9], [12, 13], [16, 17], [18, 19], [20, 21], [25, 26]]},
{"coordinates": [[0, 0, -1], [1, 0, -1], [1, 0, 0], [1, -1, 0], [0, -1, 0], [0, 0, 0], [0, 0, 1], [-1, 0, 1], [-1, -1, 1], [0, -1, 1], [0, -2, 1], [0, -2, 0], [0, -2, -1], [-1, -2, -1], [-2, -2, -1], [-2, -2, 0], [-1, -2, 0], [-1, -2, 1], [-2, -2, 1], [-2, -1, 1], [-2, -1, 0], [-1, -1, 0], [-1, -1, -1], [-2, -1, -1], [-2, 0, -1], [-2, 0, 0], [-2, 0, 1]], "stick_together": [[8, 9], [15, 16], [24, 25]]},
{"coordinates": [[0, 0, -1], [0, 0, -2], [0, -1, -2], [0, -1, -1], [0, -1, 0], [0, 0, 0], [0, 0, 1], [1, 0, 1], [2, 0, 1], [2, -1, 1], [2, -1, 2], [1, -1, 2], [1, 0, 2], [2, 0, 2], [2, 1, 2], [2, 1, 1], [2, 1, 0], [1, 1, 0], [0, 1, 0], [0, 1, 1], [1, 1, 1], [1, 1, 2], [0, 1, 2], [0, 0, 2], [0, -1, 2], [0, -1, 1], [1, -1, 1]], "stick_together": [[1, 2], [6, 7], [7, 8], [9, 10], [11, 12], [13, 14], [14, 15], [15, 16], [17, 18], [21, 22], [24, 25]]},
{"coordinates": [[-1, 0, -3], [-1, 0, -2], [-1, 1, -2], [-1, 1, -1], [-1, 1, 0], [-1, 0, 0], [-1, 0, -1], [0, 0, -1], [0, -1, -1], [0, -1, 0], [-1, -1, 0], [-1, -1, -1], [-1, -1, -2], [0, -1, -2], [1, -1, -2], [1, 0, -2], [1, 1, -2], [0, 1, -2], [0, 1, -1], [1, 1, -1], [1, 1, 0], [0, 1, 0], [0, 0, 0], [1, 0, 0], [1, 0, 1], [1, -1, 1], [1, -1, 0]], "stick_together": [[0, 1], [3, 4], [4, 5], [6, 7], [9, 10], [12, 13], [16, 17], [17, 18], [18, 19], [20, 21]]},
{"coordinates": [[0, 2, -2], [0, 2, -1], [-1, 2, -1], [-1, 2, -2], [-2, 2, -2], [-2, 1, -2], [-2, 1, -1], [-2, 2, -1], [-2, 2, 0], [-2, 1, 0], [-2, 0, 0], [-1, 0, 0], [-1, 0, -1], [-2, 0, -1], [-2, 0, -2], [-1, 0, -2], [-1, 1, -2], [0, 1, -2], [0, 0, -2], [0, 0, -1], [0, 0, 0], [0, -1, 0], [0, -1, -1], [1, -1, -1], [1, -1, 0], [1, -2, 0], [0, -2, 0]], "stick_together": [[1, 2], [3, 4], [6, 7], [7, 8], [9, 10], [10, 11], [11, 12], [14, 15], [16, 17], [19, 20], [21, 22], [23, 24], [24, 25]]},
{"coordinates": [[0, 0, -1], [0, -1, -1], [0, -1, 0], [0, 0, 0], [0, 0, 1], [0, 0, 2], [0, -1, 2], [0, -1, 1], [-1, -1, 1], [-2, -1, 1], [-2, -1, 2], [-1, -1, 2], [-1, 0, 2], [-1, 0, 1], [-2, 0, 1], [-2, 0, 2], [-2, 1, 2], [-2, 1, 1], [-1, 1, 1], [-1, 1, 2], [0, 1, 2], [0, 1, 1], [0, 1, 0], [-1, 1, 0], [-2, 1, 0], [-2, 0, 0], [-2, -1, 0]], "stick_together": [[0, 1], [1, 2], [6, 7], [11, 12], [12, 13], [15, 16], [18, 19], [19, 20], [20, 21], [23, 24]]},
{"coordinates": [[-2, 0, 2], [-2, 1, 2], [-2, 1, 1], [-2, 1, 0], [-1, 1, 0], [0, 1, 0], [0, 1, 1], [0, 2, 1], [0, 2, 2], [0, 1, 2], [-1, 1, 2], [-1, 0, 2], [0, 0, 2], [0, 0, 1], [0, 0, 0], [0, -1, 0], [0, -2, 0], [0, -2, 1], [0, -1, 1], [-1, -1, 1], [-2, -1, 1], [-2, -1, 2], [-2, -2, 2], [-2, -2, 1], [-2, -2, 0], [-2, -1, 0], [-2, 0, 0]], "stick_together": [[0, 1], [3, 4], [4, 5], [6, 7], [9, 10], [10, 11], [11, 12], [14, 15], [15, 16], [18, 19], [25, 26]]},
{"coordinates": [[-1, 1, 0], [-1, 0, 0], [-1, 0, 1], [-2, 0, 1], [-2, 1, 1], [-1, 1, 1], [0, 1, 1], [0, 1, 0], [0, 0, 0], [0, 0, 1], [0, 0, 2], [1, 0, 2], [1, 1, 2], [0, 1, 2], [0, 2, 2], [1, 2, 2], [2, 2, 2], [2, 1, 2], [2, 0, 2], [2, 0, 1], [2, 0, 0], [2, 1, 0], [2, 1, 1], [2, 2, 1], [2, 2, 0], [1, 2, 0], [0, 2, 0]], "stick_together": [[1, 2], [2, 3], [3, 4], [8, 9], [10, 11], [11, 12], [13, 14], [14, 15], [16, 17], [18, 19]]},
{"coordinates": [[2, 2, -2], [3, 2, -2], [3, 2, -1], [3, 2, 0], [4, 2, 0], [4, 2, -1], [4, 1, -1], [3, 1, -1], [3, 0, -1], [2, 0, -1], [2, 1, -1], [2, 2, -1], [2, 2, 0], [1, 2, 0], [0, 2, 0], [0, 1, 0], [1, 1, 0], [1, 0, 0], [0, 0, 0], [0, 0, -1], [0, 0, -2], [0, -1, -2], [0, -2, -2], [-1, -2, -2], [-1, -1, -2], [-1, 0, -2], [-2, 0, -2]], "stick_together": [[1, 2], [6, 7], [10, 11], [18, 19], [23, 24], [25, 26]]},
{"coordinates": [[-1, -3, 0], [-1, -3, 1], [-1, -3, 2], [0, -3, 2], [0, -2, 2], [1, -2, 2], [1, -2, 1], [1, -2, 0], [1, -1, 0], [1, -1, 1], [1, -1, 2], [0, -1, 2], [-1, -1, 2], [-1, -2, 2], [-1, -2, 1], [-1, -1, 1], [0, -1, 1], [0, -1, 0], [0, 0, 0], [-1, 0, 0], [-1, 1, 0], [-1, 1, -1], [-2, 1, -1], [-2, 1, 0], [-2, 2, 0], [-2, 2, -1], [-2, 2, -2]], "stick_together": [[2, 3], [3, 4], [4, 5], [6, 7], [7, 8], [9, 10], [13, 14], [14, 15], [15, 16], [19, 20], [20, 21], [21, 22], [22, 23]]},
{"coordinates": [[-1, 3, -1], [0, 3, -1], [0, 3, 0], [0, 2, 0], [0, 2, -1], [0, 2, -2], [-1, 2, -2], [-1, 1, -2], [-1, 0, -2], [0, 0, -2], [1, 0, -2], [1, 1, -2], [1, 2, -2], [1, 2, -1], [1, 2, 0], [1, 1, 0], [1, 1, -1], [1, 0, -1], [1, 0, 0], [0, 0, 0], [0, 1, 0], [-1, 1, 0], [-1, 0, 0], [-1, 0, -1], [0, 0, -1], [0, 1, -1], [0, 1, -2]], "stick_together": [[2, 3], [4, 5], [11, 12]]},
{"coordinates": [[1, -2, -1], [1, -2, 0], [0, -2, 0], [0, -1, 0], [0, -1, -1], [0, -2, -1], [0, -2, -2], [1, -2, -2], [2, -2, -2], [2, -1, -2], [2, -1, -1], [2, -2, -1], [2, -2, 0], [2, -1, 0], [2, 0, 0], [1, 0, 0], [0, 0, 0], [0, 0, 1], [1, 0, 1], [2, 0, 1], [2, -1, 1], [1, -1, 1], [0, -1, 1], [0, -1, 2], [1, -1, 2], [1, 0, 2], [1, 1, 2]], "stick_together": [[8, 9], [16, 17], [17, 18], [20, 21], [21, 22], [25, 26]]},
{"coordinates": [[0, -1, 0], [-1, -1, 0], [-1, 0, 0], [0, 0, 0], [0, 1, 0], [1, 1, 0], [1, 1, 1], [0, 1, 1], [0, 1, 2], [0, 0, 2], [0, -1, 2], [1, -1, 2], [1, -1, 1], [2, -1, 1], [2, -1, 2], [2, 0, 2], [2, 1, 2], [1, 1, 2], [1, 0, 2], [1, 0, 1], [2, 0, 1], [2, 1, 1], [2, 1, 0], [2, 0, 0], [1, 0, 0], [1, -1, 0], [2, -1, 0]], "stick_together": [[1, 2], [11, 12], [12, 13], [16, 17], [20, 21], [24, 25]]},
{"coordinates": [[1, 2, 0], [2, 2, 0], [2, 1, 0], [2, 1, 1], [2, 0, 1], [1, 0, 1], [0, 0, 1], [0, 0, 0], [0, -1, 0], [0, -1, -1], [0, 0, -1], [-1, 0, -1], [-2, 0, -1], [-2, -1, -1], [-1, -1, -1], [-1, -1, -2], [-1, 0, -2], [-2, 0, -2], [-2, 0, -3], [-1, 0, -3], [0, 0, -3], [0, -1, -3], [0, -2, -3], [0, -2, -2], [-1, -2, -2], [-1, -2, -3], [-2, -2, -3]], "stick_together": [[1, 2], [2, 3], [8, 9], [9, 10], [12, 13], [14, 15], [15, 16], [17, 18], [18, 19]]},
{"coordinates": [[0, 1, 2], [-1, 1, 2], [-2, 1, 2], [-2, 1, 1], [-2, 1, 0], [-2, 0, 0], [-2, 0, 1], [-1, 0, 1], [-1, 0, 2], [-2, 0, 2], [-2, -1, 2], [-1, -1, 2], [-1, -1, 1], [-2, -1, 1], [-2, -1, 0], [-1, -1, 0], [0, -1, 0], [0, -1, 1], [0, -1, 2], [0, 0, 2], [0, 0, 1], [0, 0, 0], [0, 1, 0], [1, 1, 0], [1, 0, 0], [1, 0, 1], [1, 1, 1]], "stick_together": [[1, 2], [8, 9], [9, 10], [14, 15], [20, 21]]},
{"coordinates": [[-2, 0, 2], [-1, 0, 2], [-1, 0, 1], [-2, 0, 1], [-2, 1, 1], [-2, 2, 1], [-2, 2, 2], [-2, 1, 2], [-1, 1, 2], [-1, 2, 2], [0, 2, 2], [0, 2, 1], [-1, 2, 1], [-1, 1, 1], [-1, 1, 0], [-1, 2, 0], [0, 2, 0], [0, 1, 0], [0, 1, 1], [0, 1, 2], [0, 0, 2], [0, 0, 1], [0, 0, 0], [-1, 0, 0], [-2, 0, 0], [-2, 0, -1], [-2, 0, -2]], "stick_together": [[3, 4], [4, 5], [6, 7], [7, 8], [8, 9], [11, 12], [12, 13], [13, 14], [14, 15], [19, 20], [23, 24], [25, 26]]},
{"coordinates": [[0, -1, -2], [0, -1, -1], [1, -1, -1], [2, -1, -1], [2, -1, -2], [1, -1, -2], [1, 0, -2], [1, 0, -1], [2, 0, -1], [2, 0, -2], [2, 1, -2], [1, 1, -2], [0, 1, -2], [0, 0, -2], [0, 0, -1], [0, 0, 0], [0, 1, 0], [-1, 1, 0], [-1, 0, 0], [-1, 0, -1], [-1, 1, -1], [-1, 2, -1], [-1, 2, 0], [0, 2, 0], [1, 2, 0], [1, 1, 0], [1, 0, 0]], "stick_together": [[7, 8], [11, 12], [13, 14], [16, 17], [17, 18], [18, 19], [24, 25]]},
{"coordinates": [[0, -2, 0], [-1, -2, 0], [-2, -2, 0], [-2, -1, 0], [-2, 0, 0], [-1, 0, 0], [0, 0, 0], [0, 0, -1], [0, 0, -2], [1, 0, -2], [2, 0, -2], [2, 0, -1], [1, 0, -1], [1, 0, 0], [1, -1, 0], [1, -1, -1], [2, -1, -1], [2, -1, -2], [1, -1, -2], [1, -2, -2], [2, -2, -2], [2, -2, -1], [1, -2, -1], [0, -2, -1], [0, -1, -1], [0, -1, -2], [0, -2, -2]], "stick_together": [[1, 2], [3, 4], [4, 5], [6, 7], [9, 10], [10, 11], [12, 13], [19, 20]]},
{"coordinates": [[-1, 1, -1], [0, 1, -1], [0, 0, -1], [0, 0, 0], [0, -1, 0], [-1, -1, 0], [-1, -1, -1], [0, -1, -1], [1, -1, -1], [1, -1, 0], [1, -1, 1], [2, -1, 1], [3, -1, 1], [3, -2, 1], [2, -2, 1], [1, -2, 1], [1, -3, 1], [2, -3, 1], [2, -3, 0], [1, -3, 0], [1, -3, -1], [2, -3, -1], [3, -3, -1], [3, -2, -1], [2, -2, -1], [1, -2, -1], [1, -2, 0]], "stick_together": [[0, 1], [1, 2], [5, 6], [7, 8], [10, 11], [13, 14], [14, 15], [16, 17], [17, 18], [18, 19], [19, 20], [21, 22], [23, 24], [24, 25], [25, 26]]},
{"coordinates": [[-2, 0, 0], [-2, 0, 1], [-1, 0, 1], [0, 0, 1], [0, -1, 1], [0, -1, 0], [0, 0, 0], [-1, 0, 0], [-1, 0, -1], [-1, -1, -1], [-1, -2, -1], [-1, -2, 0], [0, -2, 0], [0, -2, -1], [0, -2, -2], [-1, -2, -2], [-2, -2, -2], [-2, -1, -2], [-1, -1, -2], [0, -1, -2], [0, 0, -2], [-1, 0, -2], [-2, 0, -2], [-2, 0, -1], [-2, -1, -1], [-2, -2, -1], [-2, -2, 0]], "stick_together": [[0, 1], [3, 4], [5, 6], [12, 13], [15, 16], [17, 18], [22, 23], [23, 24], [25, 26]]},
{"coordinates": [[1, 1, 1], [1, 1, 2], [1, 0, 2], [1, 0, 1], [1, 0, 0], [1, 1, 0], [1, 2, 0], [1, 2, 1], [0, 2, 1], [0, 1, 1], [0, 1, 2], [-1, 1, 2], [-1, 1, 1], [-1, 0, 1], [-1, 0, 2], [0, 0, 2], [0, 0, 1], [0, 0, 0], [-1, 0, 0], [-1, -1, 0], [0, -1, 0], [0, -2, 0], [-1, -2, 0], [-1, -2, -1], [-1, -2, -2], [0, -2, -2], [1, -2, -2]], "stick_together": [[1, 2], [4, 5], [9, 10], [11, 12], [12, 13], [14, 15], [15, 16], [16, 17], [20, 21], [22, 23]]},
{"coordinates": [[-2, -1, 1], [-2, 0, 1], [-2, 0, 2], [-1, 0, 2], [-1, -1, 2], [-2, -1, 2], [-2, -2, 2], [-2, -2, 1], [-2, -2, 0], [-1, -2, 0], [-1, -2, 1], [-1, -2, 2], [0, -2, 2], [0, -1, 2], [0, -1, 1], [0, -2, 1], [0, -2, 0], [0, -1, 0], [0, 0, 0], [0, 0, -1], [0, 0, -2], [0, -1, -2], [0, -1, -1], [-1, -1, -1], [-1, 0, -1], [-1, 0, 0], [-2, 0, 0]], "stick_together": [[2, 3], [3, 4], [4, 5], [8, 9], [10, 11], [12, 13], [15, 16], [17, 18], [20, 21], [22, 23], [24, 25]]},
{"coordinates": [[1, 3, 2], [0, 3, 2], [0, 2, 2], [1, 2, 2], [2, 2, 2], [2, 2, 1], [2, 2, 0], [2, 1, 0], [2, 0, 0], [2, 0, 1], [2, 1, 1], [2, 1, 2], [2, 0, 2], [1, 0, 2], [0, 0, 2], [0, 0, 1], [0, 1, 1], [0, 1, 0], [0, 0, 0], [-1, 0, 0], [-1, 1, 0], [-1, 2, 0], [0, 2, 0], [0, 2, -1], [-1, 2, -1], [-1, 1, -1], [-1, 0, -1]], "stick_together": [[0, 1], [1, 2], [5, 6], [7, 8], [8, 9], [12, 13], [14, 15], [15, 16], [16, 17], [24, 25]]},
]
